19305,13446,16712,13040,16555,15510,
18892,13551,18274,19364,18980,19694,16771,17934,19896,16033.0,16368,18744,15647,17200,17351,18317,14214,14742,
14443,17845,19755,18372,18266,13648,14229,19963,15650,19204,14504.5,14254,16058,12988,19783,
15311,16158,14780,13360,14235,16479,14993,13598,13614,17846,17209,
13265,17369,12846,14775,13949,16959,19184,19464,18823,
16237,19180,15313,16819,16057,16316,13019,
15296,17362,16024,19812,19132,13234.0,17810,17032,13296.5,15590,
18607,14389,15539,18534,17811,17861,14870,14431,13464,13407,16496,
17495,14053,17434,18714,18065,18718,12905,15207,16679,17671,14536,13987.0,13438,18109,17471,17480,16079.0,19917,13696,17468,17423,19044,13778,14036,
15880,18323,14444,19832,18454.0,17076,14873,19174,13300,14754,17894,14610,13305,15592.0,17879,14434,19956,19398,19614,18353,15083,14701,17487,17787,17936,16806,13494,13737,
13229,18764,18629,14321,13515,16379,18336,16745,13825.5,17216,17153,16993,14906,17152,16334,18538,
19020,16493,18640,13838,17901,14837,17686,15654,14356,19668,19823,15552,
15418,14649,18763,19157,18185,18117,13735,18811,15005.0,13703,18793,17503,15323.0,13143,17999,18418,16776,15202,14717,
19555,13974,18305,13704,18793,14830,18799,16984,13844,16957,13395,13988,19709,18361,19043,
18577,16521,18155,18056,18290,13062,18173,14872,13554.0,15105.0,17974,14932,16696,18269,19053,18042.0,17031,16340.0,15649,15671,12772,15145.5,17519,13476.0,16657,17880,16369,18362,
13581,15456,19512,18678,18559,19850,17038,18979,14944,13910,14494,17033,14003,18429,18300.5,18172,18664,17064,13688,19150,19899,19931,15322,19254,17006,
14691,13794,16270,14979,15319,14030,13388,19535,17664,18613,14241,13412,15319,16747.5,18176,15415,18505,15710,19312,19511,15283,19273,13881,15757,16512,
13843,15039,18274,15344,17317,13847,15482,13203,18806,19612,16195.0,12778,13816.5,18859,14708,18440,18731,19568,14308,16275,17819,17832,
13325,17189,16711,13637,15322,19863,18888,13804.5,14175,15492,16943,14363.5,18033,14038,
18158,14698,15958,16462,18187,15206.0,18546,19490,18248,16173,14449,16023,16861,16253.5,15646,15724,19045,12893,12949.5,19333,18005,12778,19315,17370,19794,19517,18855,13201,
14552,19286,15213,18018,18958,16719,18857,13208,18205,19790,19863,14019.0,19220,17705,14096,16748,16026,13288,14656,13195,19157,
16673,18146,18382,13819,17156,15128,16429,19073,16155,16867,18158.0,19449,19210,17796,14095,14188,18901,15430,16048,13822,
13769,17116,14152,17614,16202,17159,19652,17114,15912,19892,18516.5,17141,16007,
19021,18927,19670,17920,15249,16692,12963,13390,15840,15656,15826.0,19100,14124,16995,12983,15051,
19478,19911,19673,19682,16874,17374,15253,14269,
17926,18049,19462,14908,19688,14857,16156,14939,14939,13251,16412,14871,15766,16507,15261,16933,13852,17493,13326,
18796,19936,16220,13095,15362,13400,
19010,18721,14889,13145,16290,15020,16779,18550,13316,13907.0,14498,13506,17388,16263,16924,17576,14823,17825,18151.5,18478,15866,15952,16200,16566,18245,13643,15533,15915,19585,18570,15623,16641,14086,
16498,17054,18650,14229,15207,19252,19563,19248,17478,13350,19026,
19870,14462,16382,19742,14396,18095,15377,16295,13795,17399,17649,12920,17127,19635,18529,
14301,13405,16315,14498,16484,17478,19889,
13487,15119,13936,19165,16814,17705,16733,12770,15910,18866,15095,19363,18512,15154,13135,16121.0,19107,16336,19967,15530,13076,15537,19897,
13484,16548,16903,18184,19278,19285,17757,14932,17337,18517,14236,14429,15696,16669,14741,15403,
19297,15959,17109,18849,18168,14053,19604,18163,14485,17219,18529,14327,15915,18392,19689,18334,18816,13916,17561,15488,13490,16119,13609,15014,17124,
19551,16664,16560,19846,14166,15909,19548,13376,15520,15351,15289,18968,13785,14070,14958,13029,19361,13478,16327,13166,12810,
17513,14152,16296,17784,15432,16594,17140,19952,13694,17070,16490,14608,16594,
19256,16715,15272,18750,14754.0,13149,14995,16150,17680,16002,13578.5,19842,18013,16993,19201,19319.5,19438,13383,13553,19576,14167,13511.5,12856,12844,18143,13629,19513,16365,
17253,16864,15208,16157,15136,13712,14446,14900,13556,13569,16844,15488,13737,
19705,16921,14710,18188,19518,13350,16064.5,19705,18076,13193,19152,16789,15747,17409,13042.0,19312,19009,16356,13119,13500,18280,19325,14271,16790,
16878,18904,17410,14582,15760,13642,19548,17644,13247,18918,18814,19903,17588,13379,13789,16428,15217,14095.0,19365,18307,12900,19229,14430,16591,
16577,13586,15046,14379,14847,19949,14962,16403,16522,16709,19076,18274,14276,17012,16670,15788.5,14907,15216,
13952,13045,19132,14056,13530,19487,13343,15001,14241,14788,14467,13935,18129,16295,13875,12887,19380,13844,17086,14660,
16630,12862,13623,16618,13964,13339,19111,14270,18863,17363,14386,16989,13859,15084,15749,19542,13035,17711,17076,19536,14817,18408,16237,17453,17602,16880,15580,18795,15518,
13198,19440,14245,18473,16321,18622,18416,13494,
19345,15217,18649,18271,13131,17620,15677,13593,17400,19198,17107,13624,19014,17944.0,16874,15507,15099,18030,16334,14471,14357,13756,13868,13712,14076,
16318,13665,16201,13725,18370,19254,14708,16679,15548,19665,12900,
15251,18161,13643,14292,18939,19144,16989,14246,19557,
13739,17804,16469,16133,15652,15639.0,15626,13244,19385,
17413,18371,16435,14236,19555,17146,18291,15092,17352,17748,19932,19495,15339,18765,14491,15377,16383,14879,12975,14288,
14571,15313,14754,15711.5,16669,16599,19175,17808,19903,15988.0,19660,17434,12875,13222,16912,14486,14379,15383.5,16388,19120,
12870,19322,19917,19556,19725,18383,16252,17894,18500,13941,18250,13736,15497,16820,15817,18904,18149,15193,15736,
17524,15777,19064,19880,14313,17244,15421,18665,16301,14480,16911,17777.5,18644,14309,15491,17892,18930,17026.5,15123,15190,15268,14408.5,13549,15461.5,18543,15820,15996,15723,16924,15498,18622,
16846,13828,17691,15578,15848,19938,15188,17288,
14014,17718,14602,17084,19900,13688,12916,18924,14713,15768,19404,15187,15119,13680,19868,15575,15142,19252,
14933,19146,12969,15240,18933,18525,14514,13207,17711,18120,12777,17527,14827,15117,13671,13689,
19477,13108,19660,15576,14612,18572,13287,15346,18896,13987,17933,17842,14891,13243,19718,17282,12849,
16849,17632,15870,17727,18608,19695,18122,17971,15411,13207.0,15990,16369,17314,17729,13999,
16951,17530,14084,17151,17280,15157,16686,17136,17384.5,17633,15517,15612,19314,16266,12982,
18425,12917,17607,13935,18336,14433,13748,15498,14961,17095,14321,18692,13312.5,19281,13979.5,18235,15349,15232,
17361,14220,13383.0,17908,19185,14972.0,12793,18726,16615,13733,15004,13365,18249,14764,18857,
19779,15124,16276,15202,14361,17251,13621.0,14652,14941,17780,15330,13175,15570,
14707,17916,16100,15234,16883,15767,14334,17408,19354,13671.0,18041,17990,15365,13071.0,17884,19585,15923.0,13095,13745,
18252,14055,13151,14409,17621,18171,18829,19972,17315,15389,19350,15547,16842,17573,15383,15860,13089,16922,12868,
